109,645311 505,477390 21,919241 56,663862 22969,147000 108,645311 -0,160681 
109,681372 505,474052 21,928791 56,688341 23166,572700 108,681372 -0,160681 
109,685553 505,472081 21,930437 56,691882 23112,331800 108,685553 -0,160681 
109,688828 505,470452 21,931755 56,694979 23302,585700 108,688828 -0,160681 
109,875023 505,435650 21,980062 56,819525 24203,695000 108,875023 -0,160683 
109,877590 505,436906 21,980225 56,819723 24240,678200 108,877590 -0,160683 
109,877803 505,435567 21,980144 56,820189 24160,743900 108,877803 -0,160683 
109,877921 505,432261 21,980328 56,820156 24162,918200 108,877921 -0,160683 
109,878889 505,433544 21,980659 56,821140 24175,856600 108,878889 -0,160683 
109,880400 505,428187 21,981883 56,823626 24643,796300 108,880400 -0,160683 
109,837015 505,395282 21,972985 56,800701 24485,801500 108,837015 -0,160685 
109,836395 505,393271 21,972881 56,800209 24784,237600 108,836395 -0,160685 
109,836182 505,391224 21,972868 56,800508 24269,596400 108,836182 -0,160685 
109,834133 505,390707 21,972686 56,800355 24358,469500 108,834133 -0,160685 
109,794595 505,360657 21,964878 56,780225 24142,335500 108,794595 -0,160687 
109,791025 505,357300 21,964522 56,778975 24439,049900 108,791025 -0,160687 
109,792242 505,356523 21,964604 56,779441 24124,105200 108,792242 -0,160687 
109,619231 505,319911 21,925508 56,678995 23539,567400 108,619231 -0,160689 
109,617265 505,319818 21,924994 56,677888 23074,433400 108,617265 -0,160689 
109,615116 505,325046 21,924521 56,676219 23269,752200 108,615116 -0,160688 
108,773014 505,264416 21,735495 56,191831 24867,292500 107,773014 -0,160692 
108,768967 505,264643 21,734606 56,189990 24527,862200 107,768967 -0,160692 
108,767536 505,266988 21,734469 56,189177 25147,339300 107,767536 -0,160691 
108,762919 505,268845 21,733592 56,186304 25130,827000 107,762919 -0,160691 
103,756497 505,341639 20,610276 53,305107 28011,721300 102,756497 -0,160688 
103,754316 505,347098 20,609489 53,302726 28018,324100 102,754316 -0,160687 
103,762154 505,348141 20,608925 53,301725 28519,077100 102,762154 -0,160687 
90,502316 508,901900 17,650915 45,702105 44453,067400 89,502316 -0,160506 
90,490440 508,901753 17,651074 45,701267 44607,586400 89,490440 -0,160506 
90,488447 508,900366 17,650125 45,699622 44379,617200 89,488447 -0,160506 
72,857779 521,139369 13,743292 35,632291 107090,549000 71,857779 -0,159895 
72,853511 521,142718 13,742631 35,630610 105553,243000 71,853511 -0,159895 
72,852222 521,146126 13,741675 35,628018 105504,771000 71,852222 -0,159895 
61,686899 534,568667 11,284005 29,275745 200703,384000 60,686899 -0,159246 
61,679869 534,586479 11,280814 29,267703 203057,045000 60,679869 -0,159245 
61,665368 534,594685 11,279527 29,264630 202303,646000 60,665368 -0,159245 
61,658305 534,621511 11,276750 29,257053 202868,897000 60,658305 -0,159244 
55,096921 545,565581 9,846873 25,553497 286983,238000 54,096921 -0,158730 
55,070281 545,588106 9,844201 25,546747 287528,050000 54,070281 -0,158729 
55,054539 545,611579 9,841653 25,540151 286488,254000 54,054539 -0,158728 
55,050634 545,631754 9,839180 25,533388 286664,359000 54,050634 -0,158727 
47,393146 561,897090 8,155842 21,165148 416690,126000 46,393146 -0,157989 
47,353856 561,997234 8,147201 21,142928 416374,888000 46,353856 -0,157985 
47,338389 562,044752 8,143018 21,131957 416898,028000 46,338389 -0,157983 
21,937219 670,795886 2,738687 7,061743 992689,379000 20,937219 -0,153681 
21,937443 670,784784 2,738697 7,061761 992995,833000 20,937443 -0,153682 
21,931846 670,796735 2,738683 7,061848 994731,506000 20,931846 -0,153681 
21,917862 670,743289 2,739095 7,063898 998703,047000 20,917862 -0,153683 
21,912902 670,734103 2,739051 7,063836 998184,816000 20,912902 -0,153683 
21,914546 670,733231 2,738977 7,063813 997999,772000 20,914546 -0,153683 
21,910101 670,731206 2,739062 7,063916 999446,812000 20,910101 -0,153684 
35,665822 597,158383 5,471785 14,209949 681021,084000 34,665822 -0,156482 
35,709717 596,998629 5,482425 14,236994 678385,143000 34,709717 -0,156489 
35,754196 596,821878 5,492668 14,263747 680778,427000 34,754196 -0,156496 
35,799997 596,661001 5,503081 14,290892 679343,933000 34,799997 -0,156503 
